50 5 0 2 2 0 2000
50 5 0 2 3 0 2000
50 5 0 2 5 0 2000
50 10 0 2 2 0 2000
50 10 0 2 3 0 2000
50 10 0 2 5 0 2000
50 15 0 2 2 0 2000
50 15 0 2 3 0 2000
50 15 0 2 5 0 2000
50 5 30 0 2 0 2000
50 5 30 0 3 0 2000
50 5 30 0 5 0 2000
50 10 30 0 2 0 2000
50 10 30 0 3 0 2000
50 10 30 0 5 0 2000
50 15 30 0 2 0 2000
50 15 30 0 3 0 2000
50 15 30 0 5 0 2000
50 5 30 2 2 0 2000
50 5 30 2 3 0 2000
50 5 30 2 5 0 2000
50 10 30 2 2 0 2000
50 10 30 2 3 0 2000
50 10 30 2 5 0 2000
50 15 30 2 2 0 2000
50 15 30 2 3 0 2000
50 15 30 2 5 0 2000
50 5 0 0 2 0 2000
50 5 0 0 3 0 2000
50 5 0 0 5 0 2000
50 10 0 0 2 0 2000
50 10 0 0 3 0 2000
50 10 0 0 5 0 2000
50 15 0 0 2 0 2000
50 15 0 0 3 0 2000
50 15 0 0 5 0 2000
100 5 0 2 2 0 2000
100 5 0 2 3 0 2000
100 5 0 2 5 0 2000
100 10 0 2 2 0 2000
100 10 0 2 3 0 2000
100 10 0 2 5 0 2000
100 15 0 2 2 0 2000
100 15 0 2 3 0 2000
100 15 0 2 5 0 2000
100 5 30 0 2 0 2000
100 5 30 0 3 0 2000
100 5 30 0 5 0 2000
100 10 30 0 2 0 2000
100 10 30 0 3 0 2000
100 10 30 0 5 0 2000
100 15 30 0 2 0 2000
100 15 30 0 3 0 2000
100 15 30 0 5 0 2000
100 5 30 2 2 0 2000
100 5 30 2 3 0 2000
100 5 30 2 5 0 2000
100 10 30 2 2 0 2000
100 10 30 2 3 0 2000
100 10 30 2 5 0 2000
100 15 30 2 2 0 2000
100 15 30 2 3 0 2000
100 15 30 2 5 0 2000
100 5 0 0 2 0 2000
100 5 0 0 3 0 2000
100 5 0 0 5 0 2000
100 10 0 0 2 0 2000
100 10 0 0 3 0 2000
100 10 0 0 5 0 2000
100 15 0 0 2 0 2000
100 15 0 0 3 0 2000
100 15 0 0 5 0 2000